     0.0716774176008142      3.08087894003392      0.0549296738007045
    -0.474859045005547     -1.40060447001618     -0.0553202958000307
    -1.57196024001833      1.0153237400121      0.0337328774998018
     3.39637428003834      0.432564031004955      0.0302506524995721
   -2.22139475002469     -4.15762082004689     -0.298414583002531
    6.65451139007353      0.0120654426000677      0.083815564500005
    -0.690879384007829      4.99456223005626      0.0762316974013558
     2.01671536002279     -1.66603423001814     -0.0638185374998551
     2.57639239002924      2.8114415500308      0.073420249900867
    -4.29828849004876      1.5242411300169      0.106611142000606
    -5.01369152005549      3.44386255003817     -0.986803916010426
    -5.64421257006329      0.059058267201409      1.28391694001489 
